Export of Imageset lab3 (ball annotations in bounding boxes)
[team|labvision1819]
[set|lab3]
[format: "label::annotation_type|filename|img_width|img_height|x1|y1|x2|y2|center_x|center_y|width|height"]


label::ball|frame1747.jpg|640|480|319|137|409|230|364.0|183.5|90|93
label::ball|frame1746.jpg|640|480|318|139|409|229|363.5|184.0|91|90
label::ball|frame1745.jpg|640|480|318|140|409|229|363.5|184.5|91|89
label::ball|frame1744.jpg|640|480|317|140|410|230|363.5|185.0|93|90
label::ball|frame1743.jpg|640|480|317|138|409|231|363.0|184.5|92|93
label::ball|frame1742.jpg|640|480|318|138|408|231|363.0|184.5|90|93
label::ball|frame1741.jpg|640|480|317|140|408|228|362.5|184.0|91|88
label::ball|frame1740.jpg|640|480|320|140|406|228|363.0|184.0|86|88
label::ball|frame1739.jpg|640|480|322|138|405|229|363.5|183.5|83|91
label::ball|frame1738.jpg|640|480|323|137|405|230|364.0|183.5|82|93
label::ball|frame1737.jpg|640|480|322|136|407|231|364.5|183.5|85|95
label::ball|frame1736.jpg|640|480|322|137|405|228|363.5|182.5|83|91
label::ball|frame1735.jpg|640|480|322|135|404|228|363.0|181.5|82|93
label::ball|frame1734.jpg|640|480|323|136|404|228|363.5|182.0|81|92
label::ball|frame1733.jpg|640|480|322|137|405|229|363.5|183.0|83|92
label::ball|frame1732.jpg|640|480|321|137|406|230|363.5|183.5|85|93
label::ball|frame1731.jpg|640|480|320|138|406|229|363.0|183.5|86|91
label::ball|frame1730.jpg|640|480|320|138|406|230|363.0|184.0|86|92
label::ball|frame1729.jpg|640|480|320|137|406|229|363.0|183.0|86|92
label::ball|frame1728.jpg|640|480|321|137|406|230|363.5|183.5|85|93
label::ball|frame1727.jpg|640|480|321|138|406|229|363.5|183.5|85|91
label::ball|frame1726.jpg|640|480|320|139|406|229|363.0|184.0|86|90
label::ball|frame1725.jpg|640|480|319|139|407|229|363.0|184.0|88|90
label::ball|frame1724.jpg|640|480|320|139|407|229|363.5|184.0|87|90
label::ball|frame1723.jpg|640|480|320|138|406|230|363.0|184.0|86|92
label::ball|frame1722.jpg|640|480|320|138|406|230|363.0|184.0|86|92
label::ball|frame1721.jpg|640|480|320|138|406|229|363.0|183.5|86|91
label::ball|frame1720.jpg|640|480|321|138|406|230|363.5|184.0|85|92
label::ball|frame1719.jpg|640|480|320|139|406|230|363.0|184.5|86|91
label::ball|frame1718.jpg|640|480|320|137|407|230|363.5|183.5|87|93
label::ball|frame1717.jpg|640|480|319|138|406|231|362.5|184.5|87|93
label::ball|frame1716.jpg|640|480|320|137|406|230|363.0|183.5|86|93
label::ball|frame1715.jpg|640|480|321|137|407|230|364.0|183.5|86|93
label::ball|frame1714.jpg|640|480|321|135|406|230|363.5|182.5|85|95
label::ball|frame1713.jpg|640|480|320|136|407|230|363.5|183.0|87|94
label::ball|frame1712.jpg|640|480|320|136|406|230|363.0|183.0|86|94
label::ball|frame1711.jpg|640|480|321|135|406|230|363.5|182.5|85|95
label::ball|frame1710.jpg|640|480|321|136|406|230|363.5|183.0|85|94
label::ball|frame1709.jpg|640|480|320|136|406|230|363.0|183.0|86|94
label::ball|frame1708.jpg|640|480|322|136|406|230|364.0|183.0|84|94
label::ball|frame1707.jpg|640|480|321|135|406|230|363.5|182.5|85|95
label::ball|frame1706.jpg|640|480|320|135|406|230|363.0|182.5|86|95
label::ball|frame1705.jpg|640|480|321|135|406|230|363.5|182.5|85|95
label::ball|frame1704.jpg|640|480|320|134|407|230|363.5|182.0|87|96
label::ball|frame1703.jpg|640|480|321|135|406|230|363.5|182.5|85|95
label::ball|frame1702.jpg|640|480|322|134|406|230|364.0|182.0|84|96
label::ball|frame1701.jpg|640|480|322|134|407|229|364.5|181.5|85|95
label::ball|frame1700.jpg|640|480|321|133|408|229|364.5|181.0|87|96
label::ball|frame1699.jpg|640|480|322|129|409|227|365.5|178.0|87|98
label::ball|frame1698.jpg|640|480|323|131|407|230|365.0|180.5|84|99
label::ball|frame1697.jpg|640|480|325|141|410|234|367.5|187.5|85|93
label::ball|frame1696.jpg|640|480|330|152|413|243|371.5|197.5|83|91
label::ball|frame1695.jpg|640|480|331|156|413|245|372.0|200.5|82|89
label::ball|frame1694.jpg|640|480|331|159|413|253|372.0|206.0|82|94
label::ball|frame1693.jpg|640|480|327|163|409|263|368.0|213.0|82|100
label::ball|frame1692.jpg|640|480|327|169|409|265|368.0|217.0|82|96
label::ball|frame1691.jpg|640|480|332|174|412|265|372.0|219.5|80|91
label::ball|frame1690.jpg|640|480|333|175|413|265|373.0|220.0|80|90
label::ball|frame1689.jpg|640|480|333|175|412|264|372.5|219.5|79|89
label::ball|frame1688.jpg|640|480|331|197|413|280|372.0|238.5|82|83
label::ball|frame1687.jpg|640|480|339|211|413|287|376.0|249.0|74|76
label::ball|frame1686.jpg|640|480|338|221|420|296|379.0|258.5|82|75
label::ball|frame1685.jpg|640|480|339|226|419|300|379.0|263.0|80|74
label::ball|frame1684.jpg|640|480|344|229|420|302|382.0|265.5|76|73
label::ball|frame1683.jpg|640|480|347|232|420|305|383.5|268.5|73|73
label::ball|frame1682.jpg|640|480|347|233|422|310|384.5|271.5|75|77
label::ball|frame1681.jpg|640|480|341|235|416|310|378.5|272.5|75|75
label::ball|frame1680.jpg|640|480|336|238|407|311|371.5|274.5|71|73
label::ball|frame1679.jpg|640|480|317|242|385|310|351.0|276.0|68|68
label::ball|frame1678.jpg|640|480|310|251|376|312|343.0|281.5|66|61
label::ball|frame1677.jpg|640|480|311|257|374|317|342.5|287.0|63|60
label::ball|frame1676.jpg|640|480|311|257|374|314|342.5|285.5|63|57
label::ball|frame1675.jpg|640|480|311|257|373|315|342.0|286.0|62|58
label::ball|frame1674.jpg|640|480|311|258|373|314|342.0|286.0|62|56
label::ball|frame1673.jpg|640|480|311|257|373|314|342.0|285.5|62|57
label::ball|frame1672.jpg|640|480|310|257|373|315|341.5|286.0|63|58
label::ball|frame1671.jpg|640|480|311|257|374|315|342.5|286.0|63|58
label::ball|frame1670.jpg|640|480|311|257|374|315|342.5|286.0|63|58
label::ball|frame1669.jpg|640|480|311|258|373|315|342.0|286.5|62|57
label::ball|frame1668.jpg|640|480|311|258|373|315|342.0|286.5|62|57
label::ball|frame1667.jpg|640|480|310|258|373|315|341.5|286.5|63|57
label::ball|frame1666.jpg|640|480|311|258|374|316|342.5|287.0|63|58
label::ball|frame1665.jpg|640|480|310|258|373|315|341.5|286.5|63|57
label::ball|frame1664.jpg|640|480|310|258|373|314|341.5|286.0|63|56
label::ball|frame1663.jpg|640|480|310|258|373|315|341.5|286.5|63|57
label::ball|frame1662.jpg|640|480|310|258|373|315|341.5|286.5|63|57
label::ball|frame1661.jpg|640|480|310|258|373|315|341.5|286.5|63|57
label::ball|frame1660.jpg|640|480|310|258|373|315|341.5|286.5|63|57
label::ball|frame1659.jpg|640|480|310|258|373|314|341.5|286.0|63|56
label::ball|frame1658.jpg|640|480|311|257|373|315|342.0|286.0|62|58
label::ball|frame1657.jpg|640|480|310|258|373|315|341.5|286.5|63|57
label::ball|frame1656.jpg|640|480|310|257|373|314|341.5|285.5|63|57
label::ball|frame1655.jpg|640|480|310|258|373|315|341.5|286.5|63|57
label::ball|frame1654.jpg|640|480|310|257|374|315|342.0|286.0|64|58
label::ball|frame1653.jpg|640|480|310|258|373|314|341.5|286.0|63|56
label::ball|frame1652.jpg|640|480|310|258|373|315|341.5|286.5|63|57
label::ball|frame1651.jpg|640|480|311|258|373|315|342.0|286.5|62|57
label::ball|frame1650.jpg|640|480|311|258|373|315|342.0|286.5|62|57
label::ball|frame1649.jpg|640|480|310|258|373|315|341.5|286.5|63|57
label::ball|frame1648.jpg|640|480|310|258|374|315|342.0|286.5|64|57
label::ball|frame1647.jpg|640|480|310|258|374|315|342.0|286.5|64|57
label::ball|frame1646.jpg|640|480|310|258|373|315|341.5|286.5|63|57
label::ball|frame1645.jpg|640|480|310|257|373|315|341.5|286.0|63|58
label::ball|frame1644.jpg|640|480|310|257|373|315|341.5|286.0|63|58
label::ball|frame1643.jpg|640|480|311|258|374|316|342.5|287.0|63|58
label::ball|frame1642.jpg|640|480|310|258|373|314|341.5|286.0|63|56
label::ball|frame1641.jpg|640|480|310|257|373|315|341.5|286.0|63|58
label::ball|frame1640.jpg|640|480|311|257|374|315|342.5|286.0|63|58
label::ball|frame1639.jpg|640|480|312|257|375|315|343.5|286.0|63|58
label::ball|frame1638.jpg|640|480|312|257|375|314|343.5|285.5|63|57
label::ball|frame1637.jpg|640|480|307|253|369|313|338.0|283.0|62|60
label::ball|frame1636.jpg|640|480|308|252|372|311|340.0|281.5|64|59
label::ball|frame1635.jpg|640|480|310|251|373|310|341.5|280.5|63|59
label::ball|frame1634.jpg|640|480|314|247|374|307|344.0|277.0|60|60
label::ball|frame1633.jpg|640|480|314|248|374|307|344.0|277.5|60|59
label::ball|frame1632.jpg|640|480|312|244|374|300|343.0|272.0|62|56
label::ball|frame1631.jpg|640|480|312|240|372|296|342.0|268.0|60|56
label::ball|frame1630.jpg|640|480|305|232|362|292|333.5|262.0|57|60
label::ball|frame1629.jpg|640|480|310|222|370|277|340.0|249.5|60|55
label::ball|frame1628.jpg|640|480|314|221|372|276|343.0|248.5|58|55
label::ball|frame1627.jpg|640|480|330|221|388|276|359.0|248.5|58|55
label::ball|frame1626.jpg|640|480|329|211|384|270|356.5|240.5|55|59
label::ball|frame1625.jpg|640|480|332|211|385|270|358.5|240.5|53|59
label::ball|frame1624.jpg|640|480|329|215|384|273|356.5|244.0|55|58
label::ball|frame1623.jpg|640|480|308|209|366|273|337.0|241.0|58|64
label::ball|frame1622.jpg|640|480|303|226|360|280|331.5|253.0|57|54
label::ball|frame1621.jpg|640|480|310|226|367|285|338.5|255.5|57|59
label::ball|frame1620.jpg|640|480|309|236|366|294|337.5|265.0|57|58
label::ball|frame1618.jpg|640|480|295|251|357|311|326.0|281.0|62|60
label::ball|frame1616.jpg|640|480|293|290|360|352|326.5|321.0|67|62
label::ball|frame1615.jpg|640|480|302|302|368|365|335.0|333.5|66|63
label::ball|frame1614.jpg|640|480|303|332|373|398|338.0|365.0|70|66
label::ball|frame1613.jpg|640|480|303|344|373|411|338.0|377.5|70|67
label::ball|frame1612.jpg|640|480|304|348|372|414|338.0|381.0|68|66
label::ball|frame1611.jpg|640|480|289|344|359|414|324.0|379.0|70|70
label::ball|frame1610.jpg|640|480|296|331|366|399|331.0|365.0|70|68
label::ball|frame1609.jpg|640|480|301|326|367|393|334.0|359.5|66|67
label::ball|frame1608.jpg|640|480|317|324|384|389|350.5|356.5|67|65
label::ball|frame1607.jpg|640|480|326|309|391|376|358.5|342.5|65|67
label::ball|frame1606.jpg|640|480|324|302|388|365|356.0|333.5|64|63
label::ball|frame1605.jpg|640|480|319|298|384|365|351.5|331.5|65|67
label::ball|frame1604.jpg|640|480|311|289|377|354|344.0|321.5|66|65
label::ball|frame1603.jpg|640|480|307|282|373|344|340.0|313.0|66|62
label::ball|frame1602.jpg|640|480|310|280|375|343|342.5|311.5|65|63
label::ball|frame1601.jpg|640|480|317|283|380|344|348.5|313.5|63|61
label::ball|frame1600.jpg|640|480|315|276|379|336|347.0|306.0|64|60
label::ball|frame1599.jpg|640|480|316|285|379|347|347.5|316.0|63|62
label::ball|frame1597.jpg|640|480|304|289|371|356|337.5|322.5|67|67
label::ball|frame1594.jpg|640|480|320|326|383|392|351.5|359.0|63|66
label::ball|frame1593.jpg|640|480|317|338|382|399|349.5|368.5|65|61
label::ball|frame1588.jpg|640|480|318|306|383|369|350.5|337.5|65|63
label::ball|frame1587.jpg|640|480|317|304|381|366|349.0|335.0|64|62
label::ball|frame1586.jpg|640|480|315|306|383|372|349.0|339.0|68|66
label::ball|frame1585.jpg|640|480|307|311|370|375|338.5|343.0|63|64
label::ball|frame1584.jpg|640|480|307|305|374|374|340.5|339.5|67|69
label::ball|frame1582.jpg|640|480|305|337|374|400|339.5|368.5|69|63
label::ball|frame1581.jpg|640|480|305|342|372|409|338.5|375.5|67|67
label::ball|frame1580.jpg|640|480|306|342|371|404|338.5|373.0|65|62
label::ball|frame1577.jpg|640|480|274|320|336|386|305.0|353.0|62|66
label::ball|frame1576.jpg|640|480|274|318|336|384|305.0|351.0|62|66
label::ball|frame1575.jpg|640|480|269|308|333|371|301.0|339.5|64|63
label::ball|frame1574.jpg|640|480|265|301|329|365|297.0|333.0|64|64
label::ball|frame1565.jpg|640|480|263|234|325|295|294.0|264.5|62|61
label::ball|frame1564.jpg|640|480|257|233|317|295|287.0|264.0|60|62
label::ball|frame1563.jpg|640|480|270|233|328|289|299.0|261.0|58|56
label::ball|frame1561.jpg|640|480|262|221|317|274|289.5|247.5|55|53
label::ball|frame1560.jpg|640|480|270|225|324|274|297.0|249.5|54|49
label::ball|frame1432.jpg|640|480|285|31|309|55|297.0|43.0|24|24
label::ball|frame1431.jpg|640|480|292|34|315|55|303.5|44.5|23|21
label::ball|frame1430.jpg|640|480|316|41|338|63|327.0|52.0|22|22
label::ball|frame1429.jpg|640|480|325|41|346|62|335.5|51.5|21|21
label::ball|frame1352.jpg|640|480|374|16|394|37|384.0|26.5|20|21
label::ball|frame1351.jpg|640|480|367|18|386|37|376.5|27.5|19|19
label::ball|frame1333.jpg|640|480|246|22|265|39|255.5|30.5|19|17
ball|frame1303.jpg|not_in_image
ball|frame1302.jpg|not_in_image
ball|frame1301.jpg|not_in_image
ball|frame1300.jpg|not_in_image
ball|frame1299.jpg|not_in_image
ball|frame1298.jpg|not_in_image
ball|frame1297.jpg|not_in_image
ball|frame1296.jpg|not_in_image
ball|frame1295.jpg|not_in_image
ball|frame1294.jpg|not_in_image
ball|frame1293.jpg|not_in_image
ball|frame1292.jpg|not_in_image
ball|frame1291.jpg|not_in_image
label::ball|frame1287.jpg|640|480|354|226|407|275|380.5|250.5|53|49
label::ball|frame1286.jpg|640|480|346|243|402|300|374.0|271.5|56|57
label::ball|frame1285.jpg|640|480|350|245|408|299|379.0|272.0|58|54
label::ball|frame1284.jpg|640|480|348|245|407|299|377.5|272.0|59|54
label::ball|frame1283.jpg|640|480|350|244|409|300|379.5|272.0|59|56
label::ball|frame1282.jpg|640|480|343|242|403|300|373.0|271.0|60|58
label::ball|frame1281.jpg|640|480|347|242|406|298|376.5|270.0|59|56
label::ball|frame1280.jpg|640|480|352|243|409|298|380.5|270.5|57|55
label::ball|frame1279.jpg|640|480|353|244|410|304|381.5|274.0|57|60
label::ball|frame1278.jpg|640|480|349|243|408|298|378.5|270.5|59|55
label::ball|frame1277.jpg|640|480|350|241|409|298|379.5|269.5|59|57
label::ball|frame1276.jpg|640|480|340|238|397|293|368.5|265.5|57|55
label::ball|frame1275.jpg|640|480|339|238|397|294|368.0|266.0|58|56
label::ball|frame1274.jpg|640|480|336|241|394|293|365.0|267.0|58|52
label::ball|frame1273.jpg|640|480|331|243|390|299|360.5|271.0|59|56
label::ball|frame1272.jpg|640|480|342|254|403|310|372.5|282.0|61|56
label::ball|frame1271.jpg|640|480|343|258|406|317|374.5|287.5|63|59
label::ball|frame1270.jpg|640|480|347|276|410|340|378.5|308.0|63|64
label::ball|frame1253.jpg|640|480|305|227|357|282|331.0|254.5|52|55
label::ball|frame1252.jpg|640|480|300|211|354|271|327.0|241.0|54|60
label::ball|frame1251.jpg|640|480|303|217|354|273|328.5|245.0|51|56
label::ball|frame1250.jpg|640|480|311|208|364|260|337.5|234.0|53|52
label::ball|frame1248.jpg|640|480|305|206|357|257|331.0|231.5|52|51
label::ball|frame1247.jpg|640|480|303|200|354|253|328.5|226.5|51|53
label::ball|frame1246.jpg|640|480|304|198|354|252|329.0|225.0|50|54
label::ball|frame1245.jpg|640|480|311|199|359|250|335.0|224.5|48|51
label::ball|frame1243.jpg|640|480|306|194|357|243|331.5|218.5|51|49
label::ball|frame1242.jpg|640|480|303|193|355|242|329.0|217.5|52|49
label::ball|frame1241.jpg|640|480|304|188|354|237|329.0|212.5|50|49
label::ball|frame1240.jpg|640|480|305|190|356|237|330.5|213.5|51|47
label::ball|frame1239.jpg|640|480|314|188|360|238|337.0|213.0|46|50
label::ball|frame1238.jpg|640|480|311|180|357|229|334.0|204.5|46|49
label::ball|frame1237.jpg|640|480|311|180|357|229|334.0|204.5|46|49
label::ball|frame1236.jpg|640|480|306|175|355|223|330.5|199.0|49|48
label::ball|frame1235.jpg|640|480|306|171|353|217|329.5|194.0|47|46
label::ball|frame1234.jpg|640|480|313|174|358|219|335.5|196.5|45|45
label::ball|frame1232.jpg|640|480|312|165|356|210|334.0|187.5|44|45
label::ball|frame1231.jpg|640|480|305|164|352|210|328.5|187.0|47|46
label::ball|frame1230.jpg|640|480|305|152|352|197|328.5|174.5|47|45
label::ball|frame1229.jpg|640|480|304|151|350|196|327.0|173.5|46|45
label::ball|frame1228.jpg|640|480|304|157|351|199|327.5|178.0|47|42
label::ball|frame1141.jpg|640|480|319|340|382|405|350.5|372.5|63|65
label::ball|frame1131.jpg|640|480|304|324|365|393|334.5|358.5|61|69
label::ball|frame1128.jpg|640|480|304|325|365|392|334.5|358.5|61|67
label::ball|frame1120.jpg|640|480|290|322|353|389|321.5|355.5|63|67
label::ball|frame1119.jpg|640|480|278|320|342|392|310.0|356.0|64|72
label::ball|frame1116.jpg|640|480|283|319|346|386|314.5|352.5|63|67
label::ball|frame1115.jpg|640|480|276|319|340|387|308.0|353.0|64|68
label::ball|frame1114.jpg|640|480|274|317|336|383|305.0|350.0|62|66
label::ball|frame1559.jpg|640|480|272|220|324|272|298.0|246.0|52|52
label::ball|frame1558.jpg|640|480|258|185|311|236|284.5|210.5|53|51
label::ball|frame1557.jpg|640|480|261|178|314|232|287.5|205.0|53|54
label::ball|frame1556.jpg|640|480|269|180|321|229|295.0|204.5|52|49
label::ball|frame1547.jpg|640|480|225|88|259|124|242.0|106.0|34|36
label::ball|frame1546.jpg|640|480|232|87|261|120|246.5|103.5|29|33
label::ball|frame1545.jpg|640|480|229|89|257|123|243.0|106.0|28|34
label::ball|frame1544.jpg|640|480|236|47|265|73|250.5|60.0|29|26
label::ball|frame1529.jpg|640|480|266|30|287|48|276.5|39.0|21|18
label::ball|frame1520.jpg|640|480|266|27|287|46|276.5|36.5|21|19
label::ball|frame1506.jpg|640|480|269|25|288|44|278.5|34.5|19|19
label::ball|frame1499.jpg|640|480|279|28|299|48|289.0|38.0|20|20
label::ball|frame1498.jpg|640|480|280|21|300|41|290.0|31.0|20|20
label::ball|frame1495.jpg|640|480|285|31|306|53|295.5|42.0|21|22
label::ball|frame1492.jpg|640|480|291|28|312|49|301.5|38.5|21|21
label::ball|frame1491.jpg|640|480|285|19|307|41|296.0|30.0|22|22
label::ball|frame1488.jpg|640|480|290|33|312|56|301.0|44.5|22|23
label::ball|frame1487.jpg|640|480|303|44|328|67|315.5|55.5|25|23
label::ball|frame1486.jpg|640|480|304|49|330|72|317.0|60.5|26|23
label::ball|frame1485.jpg|640|480|286|38|315|63|300.5|50.5|29|25
label::ball|frame1484.jpg|640|480|291|62|318|88|304.5|75.0|27|26
label::ball|frame1483.jpg|640|480|301|55|332|86|316.5|70.5|31|31
label::ball|frame1482.jpg|640|480|300|55|332|85|316.0|70.0|32|30
label::ball|frame1481.jpg|640|480|317|73|346|105|331.5|89.0|29|32
label::ball|frame1480.jpg|640|480|313|82|346|115|329.5|98.5|33|33
label::ball|frame1479.jpg|640|480|318|82|354|116|336.0|99.0|36|34
label::ball|frame1478.jpg|640|480|330|102|364|134|347.0|118.0|34|32
label::ball|frame1477.jpg|640|480|335|92|368|124|351.5|108.0|33|32
label::ball|frame1476.jpg|640|480|330|85|362|115|346.0|100.0|32|30
label::ball|frame1475.jpg|640|480|327|82|357|109|342.0|95.5|30|27
label::ball|frame1474.jpg|640|480|325|73|356|106|340.5|89.5|31|33
label::ball|frame1473.jpg|640|480|322|73|354|106|338.0|89.5|32|33
label::ball|frame1472.jpg|640|480|322|75|354|108|338.0|91.5|32|33
label::ball|frame1471.jpg|640|480|318|78|353|110|335.5|94.0|35|32
label::ball|frame1469.jpg|640|480|315|95|350|128|332.5|111.5|35|33
label::ball|frame1468.jpg|640|480|314|96|352|133|333.0|114.5|38|37
label::ball|frame1467.jpg|640|480|312|98|349|134|330.5|116.0|37|36
label::ball|frame1466.jpg|640|480|312|111|354|147|333.0|129.0|42|36
label::ball|frame1461.jpg|640|480|251|172|306|225|278.5|198.5|55|53
label::ball|frame1460.jpg|640|480|239|185|287|230|263.0|207.5|48|45
label::ball|frame1458.jpg|640|480|171|189|218|234|194.5|211.5|47|45
label::ball|frame1457.jpg|640|480|166|176|209|224|187.5|200.0|43|48
label::ball|frame1447.jpg|640|480|63|115|89|143|76.0|129.0|26|28
label::ball|frame1446.jpg|640|480|78|101|104|129|91.0|115.0|26|28
label::ball|frame1445.jpg|640|480|82|103|108|130|95.0|116.5|26|27
label::ball|frame1444.jpg|640|480|133|78|158|103|145.5|90.5|25|25
label::ball|frame1438.jpg|640|480|335|38|358|58|346.5|48.0|23|20
label::ball|frame1435.jpg|640|480|277|30|303|53|290.0|41.5|26|23
label::ball|frame1013.jpg|640|480|140|236|189|290|164.5|263.0|49|54
label::ball|frame1012.jpg|640|480|141|241|191|295|166.0|268.0|50|54
label::ball|frame1006.jpg|640|480|251|285|309|349|280.0|317.0|58|64
label::ball|frame1005.jpg|640|480|252|284|311|348|281.5|316.0|59|64
label::ball|frame1004.jpg|640|480|241|282|303|348|272.0|315.0|62|66
label::ball|frame1003.jpg|640|480|242|281|305|345|273.5|313.0|63|64
label::ball|frame1002.jpg|640|480|249|280|310|344|279.5|312.0|61|64
label::ball|frame1001.jpg|640|480|251|280|311|346|281.0|313.0|60|66
label::ball|frame1000.jpg|640|480|246|275|307|342|276.5|308.5|61|67
label::ball|frame0999.jpg|640|480|245|272|306|334|275.5|303.0|61|62
label::ball|frame0998.jpg|640|480|240|266|301|330|270.5|298.0|61|64
label::ball|frame0996.jpg|640|480|239|258|296|320|267.5|289.0|57|62
label::ball|frame0995.jpg|640|480|252|255|311|313|281.5|284.0|59|58
label::ball|frame0994.jpg|640|480|253|252|310|311|281.5|281.5|57|59
label::ball|frame0993.jpg|640|480|255|244|314|306|284.5|275.0|59|62
label::ball|frame0992.jpg|640|480|255|244|315|304|285.0|274.0|60|60
label::ball|frame0991.jpg|640|480|245|234|301|290|273.0|262.0|56|56
label::ball|frame0990.jpg|640|480|245|234|296|287|270.5|260.5|51|53
label::ball|frame0989.jpg|640|480|246|232|301|288|273.5|260.0|55|56
label::ball|frame0988.jpg|640|480|239|226|293|278|266.0|252.0|54|52
label::ball|frame0987.jpg|640|480|234|224|288|277|261.0|250.5|54|53
label::ball|frame0986.jpg|640|480|234|227|287|279|260.5|253.0|53|52
label::ball|frame0985.jpg|640|480|220|212|272|263|246.0|237.5|52|51
label::ball|frame0984.jpg|640|480|219|212|271|261|245.0|236.5|52|49
label::ball|frame0983.jpg|640|480|228|207|282|258|255.0|232.5|54|51
label::ball|frame0982.jpg|640|480|238|204|288|255|263.0|229.5|50|51
label::ball|frame0981.jpg|640|480|232|195|285|246|258.5|220.5|53|51
label::ball|frame0980.jpg|640|480|236|202|285|250|260.5|226.0|49|48
label::ball|frame0979.jpg|640|480|224|200|276|254|250.0|227.0|52|54
label::ball|frame0978.jpg|640|480|229|195|282|248|255.5|221.5|53|53
label::ball|frame0977.jpg|640|480|228|203|278|251|253.0|227.0|50|48
label::ball|frame0976.jpg|640|480|253|200|304|248|278.5|224.0|51|48
label::ball|frame0975.jpg|640|480|231|183|281|233|256.0|208.0|50|50
label::ball|frame0950.jpg|640|480|85|159|120|194|102.5|176.5|35|35
label::ball|frame0943.jpg|640|480|86|162|123|196|104.5|179.0|37|34
label::ball|frame0942.jpg|640|480|88|162|125|197|106.5|179.5|37|35
label::ball|frame0937.jpg|640|480|117|175|162|221|139.5|198.0|45|46
label::ball|frame0935.jpg|640|480|122|195|170|240|146.0|217.5|48|45
label::ball|frame0934.jpg|640|480|143|220|188|264|165.5|242.0|45|44
label::ball|frame0933.jpg|640|480|130|235|177|282|153.5|258.5|47|47
label::ball|frame0817.jpg|640|480|285|325|350|392|317.5|358.5|65|67
label::ball|frame0815.jpg|640|480|280|302|341|365|310.5|333.5|61|63
label::ball|frame0814.jpg|640|480|257|291|324|353|290.5|322.0|67|62
label::ball|frame0812.jpg|640|480|238|275|302|337|270.0|306.0|64|62
label::ball|frame0811.jpg|640|480|235|275|298|334|266.5|304.5|63|59
label::ball|frame0810.jpg|640|480|233|274|294|331|263.5|302.5|61|57
label::ball|frame0809.jpg|640|480|237|274|298|334|267.5|304.0|61|60
label::ball|frame0808.jpg|640|480|240|264|302|327|271.0|295.5|62|63
label::ball|frame0807.jpg|640|480|247|273|310|332|278.5|302.5|63|59
label::ball|frame0804.jpg|640|480|260|292|323|358|291.5|325.0|63|66
label::ball|frame0803.jpg|640|480|255|305|324|367|289.5|336.0|69|62
label::ball|frame0770.jpg|640|480|354|276|414|334|384.0|305.0|60|58
label::ball|frame0757.jpg|640|480|357|244|413|299|385.0|271.5|56|55
label::ball|frame0756.jpg|640|480|349|244|407|299|378.0|271.5|58|55
label::ball|frame0754.jpg|640|480|358|244|413|297|385.5|270.5|55|53
label::ball|frame0753.jpg|640|480|355|242|410|297|382.5|269.5|55|55
label::ball|frame0752.jpg|640|480|347|245|401|296|374.0|270.5|54|51
label::ball|frame0751.jpg|640|480|349|242|404|295|376.5|268.5|55|53
label::ball|frame0748.jpg|640|480|353|255|410|309|381.5|282.0|57|54
label::ball|frame0746.jpg|640|480|344|260|405|318|374.5|289.0|61|58
label::ball|frame0745.jpg|640|480|331|276|392|335|361.5|305.5|61|59
label::ball|frame0744.jpg|640|480|328|275|392|337|360.0|306.0|64|62
label::ball|frame0743.jpg|640|480|323|287|389|349|356.0|318.0|66|62
label::ball|frame0742.jpg|640|480|325|301|389|363|357.0|332.0|64|62
label::ball|frame0741.jpg|640|480|325|327|390|392|357.5|359.5|65|65
label::ball|frame0739.jpg|640|480|322|365|390|428|356.0|396.5|68|63
label::ball|frame0738.jpg|640|480|306|354|377|421|341.5|387.5|71|67
label::ball|frame0737.jpg|640|480|307|343|374|409|340.5|376.0|67|66
label::ball|frame0735.jpg|640|480|323|336|392|404|357.5|370.0|69|68
label::ball|frame0734.jpg|640|480|331|333|396|397|363.5|365.0|65|64
label::ball|frame0733.jpg|640|480|334|336|399|400|366.5|368.0|65|64
label::ball|frame0732.jpg|640|480|325|335|391|399|358.0|367.0|66|64
label::ball|frame0731.jpg|640|480|330|326|395|392|362.5|359.0|65|66
label::ball|frame0730.jpg|640|480|332|319|397|384|364.5|351.5|65|65
label::ball|frame0729.jpg|640|480|341|317|405|380|373.0|348.5|64|63
label::ball|frame0728.jpg|640|480|337|308|399|371|368.0|339.5|62|63
label::ball|frame0727.jpg|640|480|333|299|396|363|364.5|331.0|63|64
label::ball|frame0726.jpg|640|480|334|307|398|372|366.0|339.5|64|65
label::ball|frame0724.jpg|640|480|312|306|377|372|344.5|339.0|65|66
label::ball|frame0723.jpg|640|480|320|326|385|390|352.5|358.0|65|64
label::ball|frame0722.jpg|640|480|320|341|391|404|355.5|372.5|71|63
label::ball|frame0721.jpg|640|480|320|344|390|413|355.0|378.5|70|69
label::ball|frame0720.jpg|640|480|320|336|390|400|355.0|368.0|70|64
label::ball|frame0719.jpg|640|480|311|324|378|390|344.5|357.0|67|66
label::ball|frame0718.jpg|640|480|310|318|378|383|344.0|350.5|68|65
label::ball|frame0717.jpg|640|480|312|317|379|380|345.5|348.5|67|63
label::ball|frame0716.jpg|640|480|315|309|380|376|347.5|342.5|65|67
label::ball|frame0715.jpg|640|480|314|309|380|374|347.0|341.5|66|65
label::ball|frame0714.jpg|640|480|306|314|374|379|340.0|346.5|68|65
label::ball|frame0713.jpg|640|480|302|311|373|381|337.5|346.0|71|70
label::ball|frame0712.jpg|640|480|302|319|367|382|334.5|350.5|65|63
label::ball|frame0711.jpg|640|480|305|328|375|393|340.0|360.5|70|65
label::ball|frame0710.jpg|640|480|309|342|376|408|342.5|375.0|67|66
label::ball|frame0709.jpg|640|480|307|346|375|411|341.0|378.5|68|65
label::ball|frame0708.jpg|640|480|307|343|373|408|340.0|375.5|66|65
label::ball|frame0707.jpg|640|480|302|334|373|402|337.5|368.0|71|68
label::ball|frame0706.jpg|640|480|302|332|374|402|338.0|367.0|72|70
label::ball|frame0705.jpg|640|480|311|335|379|402|345.0|368.5|68|67
label::ball|frame0704.jpg|640|480|317|344|384|409|350.5|376.5|67|65
label::ball|frame0703.jpg|640|480|318|341|384|409|351.0|375.0|66|68
label::ball|frame0702.jpg|640|480|308|340|377|406|342.5|373.0|69|66
label::ball|frame0701.jpg|640|480|309|334|377|400|343.0|367.0|68|66
label::ball|frame0700.jpg|640|480|309|334|378|400|343.5|367.0|69|66
label::ball|frame0699.jpg|640|480|313|341|379|409|346.0|375.0|66|68
label::ball|frame0698.jpg|640|480|321|347|389|411|355.0|379.0|68|64
label::ball|frame1182.jpg|640|480|213|103|252|139|232.5|121.0|39|36
label::ball|frame1174.jpg|640|480|163|180|209|227|186.0|203.5|46|47
label::ball|frame1173.jpg|640|480|152|183|203|233|177.5|208.0|51|50
label::ball|frame1172.jpg|640|480|153|183|203|234|178.0|208.5|50|51
label::ball|frame1171.jpg|640|480|153|184|203|234|178.0|209.0|50|50
label::ball|frame1170.jpg|640|480|150|185|196|233|173.0|209.0|46|48
label::ball|frame1165.jpg|640|480|174|184|226|235|200.0|209.5|52|51
label::ball|frame1163.jpg|640|480|203|185|252|232|227.5|208.5|49|47
label::ball|frame1161.jpg|640|480|223|197|274|242|248.5|219.5|51|45
label::ball|frame1159.jpg|640|480|245|208|304|264|274.5|236.0|59|56
label::ball|frame1156.jpg|640|480|302|239|357|292|329.5|265.5|55|53
label::ball|frame0697.jpg|640|480|317|360|386|420|351.5|390.0|69|60
label::ball|frame0696.jpg|640|480|321|359|390|427|355.5|393.0|69|68
label::ball|frame0695.jpg|640|480|308|356|378|420|343.0|388.0|70|64
label::ball|frame0694.jpg|640|480|306|347|375|411|340.5|379.0|69|64
label::ball|frame0693.jpg|640|480|306|349|376|412|341.0|380.5|70|63
label::ball|frame0692.jpg|640|480|316|349|385|410|350.5|379.5|69|61
label::ball|frame0691.jpg|640|480|318|356|386|417|352.0|386.5|68|61
label::ball|frame0690.jpg|640|480|313|353|381|416|347.0|384.5|68|63
label::ball|frame0689.jpg|640|480|308|345|376|411|342.0|378.0|68|66
label::ball|frame0688.jpg|640|480|308|343|375|408|341.5|375.5|67|65
label::ball|frame0687.jpg|640|480|313|343|379|408|346.0|375.5|66|65
label::ball|frame0686.jpg|640|480|325|342|392|409|358.5|375.5|67|67
label::ball|frame0685.jpg|640|480|327|343|394|409|360.5|376.0|67|66
label::ball|frame0684.jpg|640|480|315|340|381|403|348.0|371.5|66|63
label::ball|frame0683.jpg|640|480|315|336|381|400|348.0|368.0|66|64
label::ball|frame0682.jpg|640|480|315|336|381|400|348.0|368.0|66|64
label::ball|frame0681.jpg|640|480|326|334|392|399|359.0|366.5|66|65
label::ball|frame0680.jpg|640|480|326|331|390|393|358.0|362.0|64|62
label::ball|frame0679.jpg|640|480|325|331|391|395|358.0|363.0|66|64
label::ball|frame0678.jpg|640|480|317|327|381|386|349.0|356.5|64|59
label::ball|frame0677.jpg|640|480|317|327|381|384|349.0|355.5|64|57
label::ball|frame0676.jpg|640|480|327|321|391|383|359.0|352.0|64|62
label::ball|frame0675.jpg|640|480|326|317|390|382|358.0|349.5|64|65
label::ball|frame0673.jpg|640|480|315|312|380|376|347.5|344.0|65|64
label::ball|frame0672.jpg|640|480|316|312|379|375|347.5|343.5|63|63
label::ball|frame0671.jpg|640|480|324|313|387|376|355.5|344.5|63|63
label::ball|frame0670.jpg|640|480|330|315|393|379|361.5|347.0|63|64
label::ball|frame0669.jpg|640|480|330|314|392|378|361.0|346.0|62|64
label::ball|frame0664.jpg|640|480|340|320|404|382|372.0|351.0|64|62
label::ball|frame0663.jpg|640|480|340|320|404|382|372.0|351.0|64|62
label::ball|frame0662.jpg|640|480|335|324|400|385|367.5|354.5|65|61
label::ball|frame0661.jpg|640|480|340|324|407|389|373.5|356.5|67|65
label::ball|frame0660.jpg|640|480|357|326|422|393|389.5|359.5|65|67
label::ball|frame0659.jpg|640|480|362|332|429|399|395.5|365.5|67|67
label::ball|frame0658.jpg|640|480|362|334|428|400|395.0|367.0|66|66
label::ball|frame0657.jpg|640|480|355|340|423|406|389.0|373.0|68|66
label::ball|frame0656.jpg|640|480|364|342|429|411|396.5|376.5|65|69
label::ball|frame0655.jpg|640|480|374|348|440|416|407.0|382.0|66|68
label::ball|frame0654.jpg|640|480|378|354|446|418|412.0|386.0|68|64
label::ball|frame0653.jpg|640|480|381|359|447|427|414.0|393.0|66|68
label::ball|frame0616.jpg|640|480|351|350|417|414|384.0|382.0|66|64
label::ball|frame0612.jpg|640|480|307|341|376|410|341.5|375.5|69|69
label::ball|frame0611.jpg|640|480|308|342|376|409|342.0|375.5|68|67
label::ball|frame0610.jpg|640|480|310|342|381|411|345.5|376.5|71|69
label::ball|frame0609.jpg|640|480|315|340|384|406|349.5|373.0|69|66
label::ball|frame0608.jpg|640|480|321|342|389|409|355.0|375.5|68|67
label::ball|frame0606.jpg|640|480|305|336|373|403|339.0|369.5|68|67
label::ball|frame0603.jpg|640|480|306|341|369|410|337.5|375.5|63|69
label::ball|frame0602.jpg|640|480|296|342|364|409|330.0|375.5|68|67
label::ball|frame0377.jpg|640|480|520|285|575|339|547.5|312.0|55|54
label::ball|frame0376.jpg|640|480|529|287|574|338|551.5|312.5|45|51
label::ball|frame0375.jpg|640|480|544|304|589|355|566.5|329.5|45|51
label::ball|frame0374.jpg|640|480|537|301|580|350|558.5|325.5|43|49
label::ball|frame0373.jpg|640|480|536|300|581|350|558.5|325.0|45|50
label::ball|frame0372.jpg|640|480|548|303|592|353|570.0|328.0|44|50
label::ball|frame0371.jpg|640|480|543|290|590|343|566.5|316.5|47|53
label::ball|frame0370.jpg|640|480|542|297|589|348|565.5|322.5|47|51
label::ball|frame0365.jpg|640|480|543|279|593|330|568.0|304.5|50|51
label::ball|frame0364.jpg|640|480|539|274|586|324|562.5|299.0|47|50
label::ball|frame0362.jpg|640|480|507|223|552|265|529.5|244.0|45|42
label::ball|frame0361.jpg|640|480|509|223|554|267|531.5|245.0|45|44
label::ball|frame0360.jpg|640|480|475|206|522|255|498.5|230.5|47|49
label::ball|frame0359.jpg|640|480|468|209|512|256|490.0|232.5|44|47
label::ball|frame0358.jpg|640|480|460|210|506|258|483.0|234.0|46|48
label::ball|frame0357.jpg|640|480|451|217|494|267|472.5|242.0|43|50
label::ball|frame0356.jpg|640|480|439|225|488|272|463.5|248.5|49|47
label::ball|frame0354.jpg|640|480|395|250|452|305|423.5|277.5|57|55
label::ball|frame0353.jpg|640|480|380|258|440|312|410.0|285.0|60|54
label::ball|frame0352.jpg|640|480|348|284|411|341|379.5|312.5|63|57
label::ball|frame0351.jpg|640|480|311|296|379|358|345.0|327.0|68|62
label::ball|frame0349.jpg|640|480|239|309|302|370|270.5|339.5|63|61
label::ball|frame0348.jpg|640|480|213|309|280|366|246.5|337.5|67|57
label::ball|frame0347.jpg|640|480|157|288|215|349|186.0|318.5|58|61
label::ball|frame0345.jpg|640|480|139|266|191|322|165.0|294.0|52|56
label::ball|frame0343.jpg|640|480|173|246|225|297|199.0|271.5|52|51
label::ball|frame0342.jpg|640|480|189|240|245|294|217.0|267.0|56|54
label::ball|frame0341.jpg|640|480|234|232|292|288|263.0|260.0|58|56
label::ball|frame0340.jpg|640|480|244|236|305|293|274.5|264.5|61|57
label::ball|frame0339.jpg|640|480|276|243|332|307|304.0|275.0|56|64
label::ball|frame0338.jpg|640|480|291|251|352|310|321.5|280.5|61|59
label::ball|frame0337.jpg|640|480|322|258|382|317|352.0|287.5|60|59
label::ball|frame0336.jpg|640|480|334|261|394|322|364.0|291.5|60|61
label::ball|frame0335.jpg|640|480|377|278|437|338|407.0|308.0|60|60
label::ball|frame0330.jpg|640|480|425|264|477|317|451.0|290.5|52|53
label::ball|frame0329.jpg|640|480|416|249|469|302|442.5|275.5|53|53
label::ball|frame0326.jpg|640|480|406|228|456|281|431.0|254.5|50|53
label::ball|frame0325.jpg|640|480|399|229|452|286|425.5|257.5|53|57
label::ball|frame0324.jpg|640|480|404|235|456|288|430.0|261.5|52|53
label::ball|frame0323.jpg|640|480|400|237|454|291|427.0|264.0|54|54
label::ball|frame0322.jpg|640|480|400|248|453|303|426.5|275.5|53|55
label::ball|frame0321.jpg|640|480|397|262|453|321|425.0|291.5|56|59
label::ball|frame0320.jpg|640|480|395|270|455|330|425.0|300.0|60|60
label::ball|frame0319.jpg|640|480|399|294|460|357|429.5|325.5|61|63
label::ball|frame0318.jpg|640|480|408|308|464|366|436.0|337.0|56|58
label::ball|frame0317.jpg|640|480|392|305|447|365|419.5|335.0|55|60
label::ball|frame0316.jpg|640|480|385|307|449|366|417.0|336.5|64|59
label::ball|frame0315.jpg|640|480|349|304|412|367|380.5|335.5|63|63
label::ball|frame0314.jpg|640|480|324|306|389|370|356.5|338.0|65|64
label::ball|frame0313.jpg|640|480|308|306|373|373|340.5|339.5|65|67
label::ball|frame0312.jpg|640|480|259|309|322|376|290.5|342.5|63|67
label::ball|frame0303.jpg|640|480|193|338|258|401|225.5|369.5|65|63
label::ball|frame0302.jpg|640|480|208|322|273|391|240.5|356.5|65|69
label::ball|frame0300.jpg|640|480|249|291|313|352|281.0|321.5|64|61
label::ball|frame0299.jpg|640|480|276|267|335|331|305.5|299.0|59|64
label::ball|frame0298.jpg|640|480|283|255|340|310|311.5|282.5|57|55
label::ball|frame0297.jpg|640|480|324|220|379|278|351.5|249.0|55|58
label::ball|frame0292.jpg|640|480|402|222|454|273|428.0|247.5|52|51
label::ball|frame0291.jpg|640|480|399|204|446|254|422.5|229.0|47|50
label::ball|frame0289.jpg|640|480|398|192|440|240|419.0|216.0|42|48
label::ball|frame0288.jpg|640|480|397|168|440|213|418.5|190.5|43|45
label::ball|frame0287.jpg|640|480|385|169|427|216|406.0|192.5|42|47
label::ball|frame0286.jpg|640|480|380|173|426|219|403.0|196.0|46|46
label::ball|frame0284.jpg|640|480|363|217|414|272|388.5|244.5|51|55
label::ball|frame0283.jpg|640|480|350|230|406|285|378.0|257.5|56|55
label::ball|frame0282.jpg|640|480|340|260|396|316|368.0|288.0|56|56
label::ball|frame0281.jpg|640|480|299|302|364|364|331.5|333.0|65|62
label::ball|frame0280.jpg|640|480|284|320|352|386|318.0|353.0|68|66
label::ball|frame0277.jpg|640|480|271|351|338|409|304.5|380.0|67|58
label::ball|frame0276.jpg|640|480|259|337|328|404|293.5|370.5|69|67
label::ball|frame0275.jpg|640|480|256|327|323|393|289.5|360.0|67|66
label::ball|frame0274.jpg|640|480|255|325|323|393|289.0|359.0|68|68
label::ball|frame0273.jpg|640|480|258|325|326|391|292.0|358.0|68|66
label::ball|frame0272.jpg|640|480|252|326|316|391|284.0|358.5|64|65
label::ball|frame0271.jpg|640|480|251|332|318|399|284.5|365.5|67|67
label::ball|frame0267.jpg|640|480|239|352|309|416|274.0|384.0|70|64
label::ball|frame0266.jpg|640|480|239|344|306|410|272.5|377.0|67|66
label::ball|frame0265.jpg|640|480|241|346|311|410|276.0|378.0|70|64
label::ball|frame0264.jpg|640|480|230|335|299|397|264.5|366.0|69|62
label::ball|frame0263.jpg|640|480|235|328|300|392|267.5|360.0|65|64
label::ball|frame0261.jpg|640|480|253|318|322|385|287.5|351.5|69|67
label::ball|frame0258.jpg|640|480|236|290|298|350|267.0|320.0|62|60
label::ball|frame0931.jpg|640|480|131|254|181|306|156.0|280.0|50|52
label::ball|frame0930.jpg|640|480|118|264|170|319|144.0|291.5|52|55
label::ball|frame0929.jpg|640|480|117|267|169|322|143.0|294.5|52|55
label::ball|frame0928.jpg|640|480|125|270|179|325|152.0|297.5|54|55
label::ball|frame0927.jpg|640|480|122|266|176|324|149.0|295.0|54|58
label::ball|frame0926.jpg|640|480|155|262|209|320|182.0|291.0|54|58
label::ball|frame0925.jpg|640|480|159|256|216|318|187.5|287.0|57|62
label::ball|frame0924.jpg|640|480|179|253|238|309|208.5|281.0|59|56
label::ball|frame0922.jpg|640|480|245|250|305|308|275.0|279.0|60|58
label::ball|frame0920.jpg|640|480|295|242|353|300|324.0|271.0|58|58
label::ball|frame0919.jpg|640|480|298|238|354|291|326.0|264.5|56|53
label::ball|frame0918.jpg|640|480|309|229|367|289|338.0|259.0|58|60
label::ball|frame0917.jpg|640|480|316|228|373|287|344.5|257.5|57|59
label::ball|frame0916.jpg|640|480|319|234|377|289|348.0|261.5|58|55
label::ball|frame0915.jpg|640|480|316|247|374|307|345.0|277.0|58|60
label::ball|frame0914.jpg|640|480|309|260|366|326|337.5|293.0|57|66
label::ball|frame0913.jpg|640|480|287|299|350|352|318.5|325.5|63|53
label::ball|frame0911.jpg|640|480|285|307|350|369|317.5|338.0|65|62
label::ball|frame0910.jpg|640|480|274|299|340|363|307.0|331.0|66|64
label::ball|frame0909.jpg|640|480|274|297|340|363|307.0|330.0|66|66
label::ball|frame0908.jpg|640|480|268|297|335|362|301.5|329.5|67|65
label::ball|frame0907.jpg|640|480|259|296|323|362|291.0|329.0|64|66
label::ball|frame0906.jpg|640|480|264|301|327|364|295.5|332.5|63|63
label::ball|frame0905.jpg|640|480|269|303|332|366|300.5|334.5|63|63
label::ball|frame0904.jpg|640|480|261|303|328|366|294.5|334.5|67|63
label::ball|frame0903.jpg|640|480|250|305|317|370|283.5|337.5|67|65
label::ball|frame0902.jpg|640|480|236|304|304|373|270.0|338.5|68|69
label::ball|frame0901.jpg|640|480|223|306|284|371|253.5|338.5|61|65
label::ball|frame0900.jpg|640|480|201|307|264|371|232.5|339.0|63|64
label::ball|frame0899.jpg|640|480|185|305|245|369|215.0|337.0|60|64
label::ball|frame0898.jpg|640|480|154|301|213|361|183.5|331.0|59|60
label::ball|frame0897.jpg|640|480|119|295|174|351|146.5|323.0|55|56
label::ball|frame0896.jpg|640|480|102|294|155|346|128.5|320.0|53|52
label::ball|frame0895.jpg|640|480|79|286|126|339|102.5|312.5|47|53
label::ball|frame0894.jpg|640|480|73|284|122|336|97.5|310.0|49|52
label::ball|frame0893.jpg|640|480|70|283|121|336|95.5|309.5|51|53
label::ball|frame0892.jpg|640|480|69|285|118|339|93.5|312.0|49|54
label::ball|frame0891.jpg|640|480|65|284|114|337|89.5|310.5|49|53
label::ball|frame0890.jpg|640|480|70|286|120|339|95.0|312.5|50|53
label::ball|frame0889.jpg|640|480|76|286|122|339|99.0|312.5|46|53
label::ball|frame0888.jpg|640|480|82|284|131|341|106.5|312.5|49|57
label::ball|frame0887.jpg|640|480|81|283|132|340|106.5|311.5|51|57
label::ball|frame0886.jpg|640|480|99|287|152|340|125.5|313.5|53|53
label::ball|frame0885.jpg|640|480|111|277|160|333|135.5|305.0|49|56
label::ball|frame0884.jpg|640|480|114|280|167|336|140.5|308.0|53|56
label::ball|frame0883.jpg|640|480|139|286|194|337|166.5|311.5|55|51
label::ball|frame0882.jpg|640|480|136|278|192|334|164.0|306.0|56|56
label::ball|frame0881.jpg|640|480|141|276|199|337|170.0|306.5|58|61
label::ball|frame0880.jpg|640|480|145|278|202|338|173.5|308.0|57|60
label::ball|frame0879.jpg|640|480|155|290|210|341|182.5|315.5|55|51
label::ball|frame0878.jpg|640|480|166|293|222|346|194.0|319.5|56|53
label::ball|frame0877.jpg|640|480|196|299|257|361|226.5|330.0|61|62
label::ball|frame0876.jpg|640|480|201|304|266|367|233.5|335.5|65|63
label::ball|frame0875.jpg|640|480|221|308|286|377|253.5|342.5|65|69
label::ball|frame0873.jpg|640|480|255|320|323|390|289.0|355.0|68|70
label::ball|frame0872.jpg|640|480|253|322|321|389|287.0|355.5|68|67
label::ball|frame0871.jpg|640|480|253|322|323|387|288.0|354.5|70|65
label::ball|frame0870.jpg|640|480|252|321|322|388|287.0|354.5|70|67
label::ball|frame0869.jpg|640|480|259|321|330|389|294.5|355.0|71|68
label::ball|frame0868.jpg|640|480|261|319|330|387|295.5|353.0|69|68
label::ball|frame0865.jpg|640|480|254|315|322|382|288.0|348.5|68|67
label::ball|frame0859.jpg|640|480|262|325|330|394|296.0|359.5|68|69
label::ball|frame0858.jpg|640|480|276|343|345|408|310.5|375.5|69|65
label::ball|frame0857.jpg|640|480|278|343|348|408|313.0|375.5|70|65
label::ball|frame0856.jpg|640|480|283|341|350|409|316.5|375.0|67|68
label::ball|frame0855.jpg|640|480|271|332|339|400|305.0|366.0|68|68
label::ball|frame0854.jpg|640|480|273|325|341|394|307.0|359.5|68|69
label::ball|frame0853.jpg|640|480|290|324|356|392|323.0|358.0|66|68
label::ball|frame0852.jpg|640|480|294|323|361|388|327.5|355.5|67|65
label::ball|frame0851.jpg|640|480|303|325|367|391|335.0|358.0|64|66
label::ball|frame0850.jpg|640|480|302|333|366|397|334.0|365.0|64|64
label::ball|frame0848.jpg|640|480|314|339|385|406|349.5|372.5|71|67
label::ball|frame0846.jpg|640|480|362|348|428|411|395.0|379.5|66|63
label::ball|frame0845.jpg|640|480|388|356|456|419|422.0|387.5|68|63
label::ball|frame0843.jpg|640|480|386|341|451|404|418.5|372.5|65|63
label::ball|frame0842.jpg|640|480|391|341|460|402|425.5|371.5|69|61
label::ball|frame0841.jpg|640|480|392|317|454|380|423.0|348.5|62|63
label::ball|frame0840.jpg|640|480|393|316|455|380|424.0|348.0|62|64
label::ball|frame0839.jpg|640|480|376|308|442|370|409.0|339.0|66|62
label::ball|frame0838.jpg|640|480|360|291|425|357|392.5|324.0|65|66
label::ball|frame0837.jpg|640|480|349|290|411|351|380.0|320.5|62|61
label::ball|frame0836.jpg|640|480|342|278|401|340|371.5|309.0|59|62
label::ball|frame0835.jpg|640|480|325|274|387|329|356.0|301.5|62|55
label::ball|frame0834.jpg|640|480|312|266|373|324|342.5|295.0|61|58
label::ball|frame0833.jpg|640|480|275|262|334|323|304.5|292.5|59|61
label::ball|frame0832.jpg|640|480|262|264|323|323|292.5|293.5|61|59
label::ball|frame0831.jpg|640|480|259|268|322|326|290.5|297.0|63|58
label::ball|frame0830.jpg|640|480|243|267|303|326|273.0|296.5|60|59
label::ball|frame0827.jpg|640|480|243|260|304|324|273.5|292.0|61|64
label::ball|frame0826.jpg|640|480|247|260|307|324|277.0|292.0|60|64
label::ball|frame0825.jpg|640|480|259|273|327|333|293.0|303.0|68|60
label::ball|frame0824.jpg|640|480|268|276|329|336|298.5|306.0|61|60
label::ball|frame0821.jpg|640|480|277|300|345|365|311.0|332.5|68|65
label::ball|frame0820.jpg|640|480|285|322|351|383|318.0|352.5|66|61
label::ball|frame0819.jpg|640|480|293|342|362|410|327.5|376.0|69|68
label::ball|frame0818.jpg|640|480|295|335|362|400|328.5|367.5|67|65
label::ball|frame0257.jpg|640|480|251|287|313|347|282.0|317.0|62|60
label::ball|frame0256.jpg|640|480|249|277|310|339|279.5|308.0|61|62
label::ball|frame0255.jpg|640|480|251|277|312|339|281.5|308.0|61|62
label::ball|frame0254.jpg|640|480|237|271|298|332|267.5|301.5|61|61
label::ball|frame0253.jpg|640|480|230|269|292|328|261.0|298.5|62|59
label::ball|frame0252.jpg|640|480|228|269|289|327|258.5|298.0|61|58
label::ball|frame0251.jpg|640|480|211|269|269|328|240.0|298.5|58|59
label::ball|frame0250.jpg|640|480|196|275|257|327|226.5|301.0|61|52
label::ball|frame0249.jpg|640|480|192|277|247|329|219.5|303.0|55|52
label::ball|frame0248.jpg|640|480|179|277|239|339|209.0|308.0|60|62
label::ball|frame0247.jpg|640|480|184|291|246|344|215.0|317.5|62|53
label::ball|frame0246.jpg|640|480|194|301|258|361|226.0|331.0|64|60
label::ball|frame0245.jpg|640|480|198|310|262|370|230.0|340.0|64|60
label::ball|frame0241.jpg|640|480|232|341|296|411|264.0|376.0|64|70
label::ball|frame0240.jpg|640|480|249|331|315|395|282.0|363.0|66|64
label::ball|frame0239.jpg|640|480|267|306|328|369|297.5|337.5|61|63
label::ball|frame0237.jpg|640|480|292|264|355|327|323.5|295.5|63|63
label::ball|frame0236.jpg|640|480|321|232|377|287|349.0|259.5|56|55
label::ball|frame0235.jpg|640|480|346|213|396|270|371.0|241.5|50|57
label::ball|frame0234.jpg|640|480|352|202|402|252|377.0|227.0|50|50
label::ball|frame0233.jpg|640|480|375|175|424|222|399.5|198.5|49|47
label::ball|frame0232.jpg|640|480|381|144|423|190|402.0|167.0|42|46
label::ball|frame0230.jpg|640|480|388|118|424|156|406.0|137.0|36|38
label::ball|frame0229.jpg|640|480|368|101|402|136|385.0|118.5|34|35
label::ball|frame0228.jpg|640|480|364|89|397|119|380.5|104.0|33|30
label::ball|frame0225.jpg|640|480|350|61|377|86|363.5|73.5|27|25
label::ball|frame0224.jpg|640|480|332|72|360|102|346.0|87.0|28|30
label::ball|frame0222.jpg|640|480|321|67|350|96|335.5|81.5|29|29
label::ball|frame0221.jpg|640|480|299|61|330|90|314.5|75.5|31|29
label::ball|frame0220.jpg|640|480|283|75|317|106|300.0|90.5|34|31
label::ball|frame0219.jpg|640|480|280|85|312|118|296.0|101.5|32|33
label::ball|frame0218.jpg|640|480|223|91|256|125|239.5|108.0|33|34
label::ball|frame0217.jpg|640|480|219|102|259|137|239.0|119.5|40|35
label::ball|frame0216.jpg|640|480|201|113|237|148|219.0|130.5|36|35
label::ball|frame0212.jpg|640|480|160|133|200|175|180.0|154.0|40|42
label::ball|frame0205.jpg|640|480|99|175|138|209|118.5|192.0|39|34
label::ball|frame0204.jpg|640|480|100|172|138|210|119.0|191.0|38|38
label::ball|frame0203.jpg|640|480|121|157|158|197|139.5|177.0|37|40
label::ball|frame0196.jpg|640|480|234|120|272|155|253.0|137.5|38|35
label::ball|frame0194.jpg|640|480|240|110|276|145|258.0|127.5|36|35
label::ball|frame0181.jpg|640|480|369|183|416|231|392.5|207.0|47|48
label::ball|frame0179.jpg|640|480|425|236|477|285|451.0|260.5|52|49
label::ball|frame0178.jpg|640|480|447|267|501|322|474.0|294.5|54|55
label::ball|frame0177.jpg|640|480|464|293|519|343|491.5|318.0|55|50
label::ball|frame0176.jpg|640|480|482|343|539|393|510.5|368.0|57|50
label::ball|frame0175.jpg|640|480|505|370|560|425|532.5|397.5|55|55
label::ball|frame0174.jpg|640|480|516|380|573|441|544.5|410.5|57|61
label::ball|frame0173.jpg|640|480|523|379|578|436|550.5|407.5|55|57
label::ball|frame0172.jpg|640|480|514|386|567|440|540.5|413.0|53|54
label::ball|frame0170.jpg|640|480|513|375|571|427|542.0|401.0|58|52
label::ball|frame0167.jpg|640|480|510|363|564|422|537.0|392.5|54|59
label::ball|frame0166.jpg|640|480|517|368|570|424|543.5|396.0|53|56
label::ball|frame0164.jpg|640|480|518|376|573|431|545.5|403.5|55|55
label::ball|frame0162.jpg|640|480|513|377|569|433|541.0|405.0|56|56
label::ball|frame0161.jpg|640|480|519|374|574|428|546.5|401.0|55|54
label::ball|frame0159.jpg|640|480|513|361|566|416|539.5|388.5|53|55
label::ball|frame0158.jpg|640|480|500|339|556|396|528.0|367.5|56|57
label::ball|frame0157.jpg|640|480|490|324|544|378|517.0|351.0|54|54
label::ball|frame0156.jpg|640|480|489|318|545|374|517.0|346.0|56|56
label::ball|frame0155.jpg|640|480|476|304|529|360|502.5|332.0|53|56
label::ball|frame0154.jpg|640|480|459|296|515|354|487.0|325.0|56|58
label::ball|frame0153.jpg|640|480|431|285|491|344|461.0|314.5|60|59
label::ball|frame0152.jpg|640|480|409|282|471|343|440.0|312.5|62|61
label::ball|frame0151.jpg|640|480|399|293|458|357|428.5|325.0|59|64
label::ball|frame0148.jpg|640|480|362|336|427|399|394.5|367.5|65|63
label::ball|frame0147.jpg|640|480|355|347|422|413|388.5|380.0|67|66
label::ball|frame0136.jpg|640|480|356|326|422|396|389.0|361.0|66|70
label::ball|frame0135.jpg|640|480|343|335|411|399|377.0|367.0|68|64
label::ball|frame0134.jpg|640|480|341|345|405|410|373.0|377.5|64|65
label::ball|frame0132.jpg|640|480|323|356|394|420|358.5|388.0|71|64
label::ball|frame0131.jpg|640|480|321|353|392|418|356.5|385.5|71|65
label::ball|frame0130.jpg|640|480|305|342|376|411|340.5|376.5|71|69
label::ball|frame0129.jpg|640|480|304|330|374|397|339.0|363.5|70|67
label::ball|frame0128.jpg|640|480|306|325|371|392|338.5|358.5|65|67
label::ball|frame0113.jpg|640|480|277|203|330|257|303.5|230.0|53|54
label::ball|frame0112.jpg|640|480|293|236|348|293|320.5|264.5|55|57
label::ball|frame0111.jpg|640|480|292|271|355|330|323.5|300.5|63|59
label::ball|frame0109.jpg|640|480|293|347|364|410|328.5|378.5|71|63
label::ball|frame0107.jpg|640|480|303|335|375|404|339.0|369.5|72|69
label::ball|frame0106.jpg|640|480|321|332|389|399|355.0|365.5|68|67
label::ball|frame0105.jpg|640|480|320|325|384|387|352.0|356.0|64|62
label::ball|frame0104.jpg|640|480|323|328|389|392|356.0|360.0|66|64
label::ball|frame0103.jpg|640|480|306|324|375|388|340.5|356.0|69|64
label::ball|frame0102.jpg|640|480|301|332|367|398|334.0|365.0|66|66
label::ball|frame0101.jpg|640|480|309|343|378|410|343.5|376.5|69|67
label::ball|frame0099.jpg|640|480|305|361|374|428|339.5|394.5|69|67
label::ball|frame0098.jpg|640|480|288|357|361|423|324.5|390.0|73|66
label::ball|frame0096.jpg|640|480|284|356|360|424|322.0|390.0|76|68
label::ball|frame0095.jpg|640|480|288|356|360|422|324.0|389.0|72|66
label::ball|frame0094.jpg|640|480|286|355|358|424|322.0|389.5|72|69
label::ball|frame0092.jpg|640|480|274|355|348|423|311.0|389.0|74|68
label::ball|frame0091.jpg|640|480|275|353|346|419|310.5|386.0|71|66
label::ball|frame0090.jpg|640|480|278|350|351|413|314.5|381.5|73|63
label::ball|frame0089.jpg|640|480|290|351|360|415|325.0|383.0|70|64
label::ball|frame0088.jpg|640|480|288|355|360|419|324.0|387.0|72|64
label::ball|frame0087.jpg|640|480|282|357|353|422|317.5|389.5|71|65
label::ball|frame0086.jpg|640|480|284|355|358|423|321.0|389.0|74|68
label::ball|frame0085.jpg|640|480|282|354|354|417|318.0|385.5|72|63
label::ball|frame0084.jpg|640|480|289|350|359|418|324.0|384.0|70|68
label::ball|frame0083.jpg|640|480|294|351|365|415|329.5|383.0|71|64
label::ball|frame0082.jpg|640|480|292|349|360|415|326.0|382.0|68|66
label::ball|frame0081.jpg|640|480|282|347|354|414|318.0|380.5|72|67
label::ball|frame0080.jpg|640|480|289|345|356|410|322.5|377.5|67|65
label::ball|frame0079.jpg|640|480|287|343|355|410|321.0|376.5|68|67
label::ball|frame0078.jpg|640|480|298|343|369|409|333.5|376.0|71|66
label::ball|frame0077.jpg|640|480|307|345|374|408|340.5|376.5|67|63
label::ball|frame0076.jpg|640|480|305|349|375|413|340.0|381.0|70|64
label::ball|frame0075.jpg|640|480|304|348|374|413|339.0|380.5|70|65
label::ball|frame0074.jpg|640|480|296|344|366|410|331.0|377.0|70|66
label::ball|frame0073.jpg|640|480|310|344|377|410|343.5|377.0|67|66
label::ball|frame0072.jpg|640|480|307|343|374|410|340.5|376.5|67|67
label::ball|frame0071.jpg|640|480|325|342|393|409|359.0|375.5|68|67
label::ball|frame0070.jpg|640|480|332|342|401|409|366.5|375.5|69|67
label::ball|frame0069.jpg|640|480|333|343|401|407|367.0|375.0|68|64
label::ball|frame0068.jpg|640|480|329|341|396|401|362.5|371.0|67|60
label::ball|frame0067.jpg|640|480|323|340|392|403|357.5|371.5|69|63
label::ball|frame0066.jpg|640|480|313|332|378|398|345.5|365.0|65|66
label::ball|frame0065.jpg|640|480|309|332|376|397|342.5|364.5|67|65
label::ball|frame0064.jpg|640|480|308|336|376|400|342.0|368.0|68|64
label::ball|frame0063.jpg|640|480|314|338|383|402|348.5|370.0|69|64
label::ball|frame0062.jpg|640|480|316|345|386|412|351.0|378.5|70|67
label::ball|frame0061.jpg|640|480|316|355|385|422|350.5|388.5|69|67
label::ball|frame0060.jpg|640|480|306|351|376|417|341.0|384.0|70|66
label::ball|frame0059.jpg|640|480|305|343|373|413|339.0|378.0|68|70
label::ball|frame0058.jpg|640|480|307|343|374|412|340.5|377.5|67|69
label::ball|frame0057.jpg|640|480|314|344|383|412|348.5|378.0|69|68
label::ball|frame0056.jpg|640|480|314|350|384|415|349.0|382.5|70|65
label::ball|frame0055.jpg|640|480|316|355|385|422|350.5|388.5|69|67
label::ball|frame0054.jpg|640|480|310|354|377|419|343.5|386.5|67|65
label::ball|frame0053.jpg|640|480|307|350|372|413|339.5|381.5|65|63
label::ball|frame0052.jpg|640|480|312|345|380|410|346.0|377.5|68|65
label::ball|frame0051.jpg|640|480|315|349|382|415|348.5|382.0|67|66
label::ball|frame0050.jpg|640|480|315|351|383|417|349.0|384.0|68|66
label::ball|frame0049.jpg|640|480|314|353|380|417|347.0|385.0|66|64
label::ball|frame0045.jpg|640|480|313|346|380|410|346.5|378.0|67|64
label::ball|frame0044.jpg|640|480|312|350|382|414|347.0|382.0|70|64
label::ball|frame0043.jpg|640|480|313|350|382|415|347.5|382.5|69|65
label::ball|frame0042.jpg|640|480|310|350|378|414|344.0|382.0|68|64
label::ball|frame0601.jpg|640|480|277|338|345|408|311.0|373.0|68|70
label::ball|frame0600.jpg|640|480|270|338|340|408|305.0|373.0|70|70
label::ball|frame0599.jpg|640|480|272|339|342|406|307.0|372.5|70|67
label::ball|frame0598.jpg|640|480|266|336|330|404|298.0|370.0|64|68
label::ball|frame0597.jpg|640|480|266|329|331|397|298.5|363.0|65|68
label::ball|frame0592.jpg|640|480|275|293|340|356|307.5|324.5|65|63
label::ball|frame0591.jpg|640|480|272|301|341|365|306.5|333.0|69|64
label::ball|frame0589.jpg|640|480|279|309|346|378|312.5|343.5|67|69
label::ball|frame0588.jpg|640|480|293|339|362|406|327.5|372.5|69|67
label::ball|frame0582.jpg|640|480|301|342|365|410|333.0|376.0|64|68
label::ball|frame0579.jpg|640|480|291|333|356|400|323.5|366.5|65|67
label::ball|frame0578.jpg|640|480|289|330|357|398|323.0|364.0|68|68
label::ball|frame0577.jpg|640|480|299|327|363|396|331.0|361.5|64|69
label::ball|frame0576.jpg|640|480|298|320|363|392|330.5|356.0|65|72
label::ball|frame0573.jpg|640|480|289|306|352|378|320.5|342.0|63|72
label::ball|frame0571.jpg|640|480|293|301|357|366|325.0|333.5|64|65
label::ball|frame0570.jpg|640|480|293|300|357|365|325.0|332.5|64|65
label::ball|frame0563.jpg|640|480|268|286|331|349|299.5|317.5|63|63
label::ball|frame0562.jpg|640|480|268|288|331|350|299.5|319.0|63|62
label::ball|frame0560.jpg|640|480|269|288|329|351|299.0|319.5|60|63
label::ball|frame0558.jpg|640|480|255|286|322|352|288.5|319.0|67|66
label::ball|frame0557.jpg|640|480|257|285|324|349|290.5|317.0|67|64
label::ball|frame0555.jpg|640|480|267|288|329|350|298.0|319.0|62|62
label::ball|frame0554.jpg|640|480|260|286|326|351|293.0|318.5|66|65
label::ball|frame0552.jpg|640|480|253|286|320|351|286.5|318.5|67|65
label::ball|frame0550.jpg|640|480|254|287|320|352|287.0|319.5|66|65
label::ball|frame0546.jpg|640|480|266|287|328|350|297.0|318.5|62|63
label::ball|frame0543.jpg|640|480|254|283|319|352|286.5|317.5|65|69
label::ball|frame0542.jpg|640|480|257|286|323|351|290.0|318.5|66|65
label::ball|frame0541.jpg|640|480|260|287|326|350|293.0|318.5|66|63
label::ball|frame0540.jpg|640|480|259|286|325|351|292.0|318.5|66|65
label::ball|frame0539.jpg|640|480|258|286|324|351|291.0|318.5|66|65
label::ball|frame0538.jpg|640|480|259|286|325|350|292.0|318.0|66|64
label::ball|frame0535.jpg|640|480|261|285|325|349|293.0|317.0|64|64
label::ball|frame0534.jpg|640|480|252|290|315|352|283.5|321.0|63|62
label::ball|frame0487.jpg|640|480|370|294|430|359|400.0|326.5|60|65
label::ball|frame0458.jpg|640|480|398|319|461|378|429.5|348.5|63|59
label::ball|frame0444.jpg|640|480|338|305|399|371|368.5|338.0|61|66
label::ball|frame0443.jpg|640|480|336|319|398|380|367.0|349.5|62|61
label::ball|frame0440.jpg|640|480|334|359|402|427|368.0|393.0|68|68
label::ball|frame0439.jpg|640|480|325|357|388|427|356.5|392.0|63|70
label::ball|frame0437.jpg|640|480|324|334|389|399|356.5|366.5|65|65
label::ball|frame0436.jpg|640|480|341|327|402|394|371.5|360.5|61|67
label::ball|frame0435.jpg|640|480|342|318|401|383|371.5|350.5|59|65
label::ball|frame0434.jpg|640|480|336|315|400|382|368.0|348.5|64|67
label::ball|frame0433.jpg|640|480|327|309|389|376|358.0|342.5|62|67
label::ball|frame0432.jpg|640|480|324|307|390|372|357.0|339.5|66|65
label::ball|frame0431.jpg|640|480|325|306|388|371|356.5|338.5|63|65
label::ball|frame0430.jpg|640|480|332|308|395|371|363.5|339.5|63|63
label::ball|frame0429.jpg|640|480|328|294|389|359|358.5|326.5|61|65
label::ball|frame0428.jpg|640|480|332|296|394|363|363.0|329.5|62|67
label::ball|frame0427.jpg|640|480|323|295|386|360|354.5|327.5|63|65
label::ball|frame0426.jpg|640|480|323|309|385|374|354.0|341.5|62|65
label::ball|frame0425.jpg|640|480|330|320|392|380|361.0|350.0|62|60
label::ball|frame0424.jpg|640|480|329|346|394|415|361.5|380.5|65|69
label::ball|frame0423.jpg|640|480|329|342|392|408|360.5|375.0|63|66
label::ball|frame0422.jpg|640|480|323|338|387|406|355.0|372.0|64|68
label::ball|frame0420.jpg|640|480|315|318|377|383|346.0|350.5|62|65
label::ball|frame0419.jpg|640|480|327|315|389|378|358.0|346.5|62|63
label::ball|frame0418.jpg|640|480|326|307|386|372|356.0|339.5|60|65
label::ball|frame0417.jpg|640|480|324|303|385|371|354.5|337.0|61|68
label::ball|frame0416.jpg|640|480|325|305|385|373|355.0|339.0|60|68
label::ball|frame0414.jpg|640|480|313|309|376|375|344.5|342.0|63|66
label::ball|frame0413.jpg|640|480|320|330|389|398|354.5|364.0|69|68
label::ball|frame0412.jpg|640|480|325|342|395|410|360.0|376.0|70|68
label::ball|frame0407.jpg|640|480|325|327|390|394|357.5|360.5|65|67
label::ball|frame0403.jpg|640|480|317|307|381|370|349.0|338.5|64|63
label::ball|frame0402.jpg|640|480|315|300|382|363|348.5|331.5|67|63
label::ball|frame0401.jpg|640|480|313|293|378|359|345.5|326.0|65|66
label::ball|frame0400.jpg|640|480|326|290|387|359|356.5|324.5|61|69
label::ball|frame0399.jpg|640|480|324|289|390|353|357.0|321.0|66|64
label::ball|frame0398.jpg|640|480|327|281|392|344|359.5|312.5|65|63
label::ball|frame0397.jpg|640|480|330|284|394|345|362.0|314.5|64|61
label::ball|frame0396.jpg|640|480|334|278|396|342|365.0|310.0|62|64
label::ball|frame0395.jpg|640|480|335|275|398|337|366.5|306.0|63|62
label::ball|frame0394.jpg|640|480|342|275|407|336|374.5|305.5|65|61
label::ball|frame0393.jpg|640|480|359|275|422|340|390.5|307.5|63|65
label::ball|frame0392.jpg|640|480|361|269|425|329|393.0|299.0|64|60
label::ball|frame0391.jpg|640|480|366|268|426|328|396.0|298.0|60|60
label::ball|frame0390.jpg|640|480|360|266|422|327|391.0|296.5|62|61
label::ball|frame0389.jpg|640|480|360|259|423|323|391.5|291.0|63|64
label::ball|frame0388.jpg|640|480|358|257|414|314|386.0|285.5|56|57
label::ball|frame0387.jpg|640|480|364|256|426|313|395.0|284.5|62|57
label::ball|frame0386.jpg|640|480|367|244|427|305|397.0|274.5|60|61
label::ball|frame0385.jpg|640|480|368|247|426|304|397.0|275.5|58|57
label::ball|frame0384.jpg|640|480|378|243|438|301|408.0|272.0|60|58
label::ball|frame0383.jpg|640|480|390|243|444|296|417.0|269.5|54|53
label::ball|frame0382.jpg|640|480|414|246|468|303|441.0|274.5|54|57
label::ball|frame0381.jpg|640|480|443|256|494|306|468.5|281.0|51|50
label::ball|frame0379.jpg|640|480|480|269|527|322|503.5|295.5|47|53
label::ball|frame0378.jpg|640|480|504|290|553|339|528.5|314.5|49|49
label::ball|frame0040.jpg|640|480|304|348|373|413|338.5|380.5|69|65
label::ball|frame0037.jpg|640|480|312|348|380|412|346.0|380.0|68|64
label::ball|frame0036.jpg|640|480|312|347|379|412|345.5|379.5|67|65
label::ball|frame0035.jpg|640|480|311|346|379|411|345.0|378.5|68|65
label::ball|frame0034.jpg|640|480|313|345|380|410|346.5|377.5|67|65
label::ball|frame0033.jpg|640|480|306|343|370|412|338.0|377.5|64|69
label::ball|frame0032.jpg|640|480|306|344|369|411|337.5|377.5|63|67
label::ball|frame0031.jpg|640|480|301|343|369|410|335.0|376.5|68|67
label::ball|frame0030.jpg|640|480|307|343|370|409|338.5|376.0|63|66
label::ball|frame0029.jpg|640|480|310|342|379|408|344.5|375.0|69|66
label::ball|frame0028.jpg|640|480|310|342|378|405|344.0|373.5|68|63
label::ball|frame0027.jpg|640|480|310|341|378|405|344.0|373.0|68|64
label::ball|frame0026.jpg|640|480|301|341|367|405|334.0|373.0|66|64
label::ball|frame0025.jpg|640|480|299|343|367|408|333.0|375.5|68|65
label::ball|frame0024.jpg|640|480|299|343|364|408|331.5|375.5|65|65
label::ball|frame0023.jpg|640|480|299|344|365|410|332.0|377.0|66|66
label::ball|frame0021.jpg|640|480|303|349|375|416|339.0|382.5|72|67
label::ball|frame0020.jpg|640|480|303|352|374|418|338.5|385.0|71|66
label::ball|frame0019.jpg|640|480|303|352|373|418|338.0|385.0|70|66
label::ball|frame0018.jpg|640|480|294|351|362|417|328.0|384.0|68|66
label::ball|frame0017.jpg|640|480|294|351|362|416|328.0|383.5|68|65
label::ball|frame0014.jpg|640|480|302|348|374|417|338.0|382.5|72|69
label::ball|frame0013.jpg|640|480|303|346|373|414|338.0|380.0|70|68
label::ball|frame0012.jpg|640|480|303|346|372|415|337.5|380.5|69|69
label::ball|frame0011.jpg|640|480|296|348|366|413|331.0|380.5|70|65
label::ball|frame0010.jpg|640|480|292|348|361|412|326.5|380.0|69|64
label::ball|frame0009.jpg|640|480|292|345|362|411|327.0|378.0|70|66
label::ball|frame0008.jpg|640|480|293|347|362|412|327.5|379.5|69|65
label::ball|frame0007.jpg|640|480|294|347|363|412|328.5|379.5|69|65
label::ball|frame0006.jpg|640|480|299|348|369|413|334.0|380.5|70|65
label::ball|frame0006.jpg|640|480|287|342|377|416|332.0|379.0|90|74
label::ball|frame0005.jpg|640|480|299|348|370|416|334.5|382.0|71|68
label::ball|frame0004.jpg|640|480|298|350|369|416|333.5|383.0|71|66
label::ball|frame0003.jpg|640|480|298|350|369|416|333.5|383.0|71|66
label::ball|frame0002.jpg|640|480|299|351|369|417|334.0|384.0|70|66
label::ball|frame0001.jpg|640|480|290|349|360|416|325.0|382.5|70|67
label::ball|frame0000.jpg|640|480|290|348|360|415|325.0|381.5|70|67
